"123_part1" "123_part2" "123_part3" "123_part4" "152_part1" "152_part2" "165_part1" "165_part2" "226_part1" "226_part2" "226_part3" "227_part1" "227_part2" "233_part1" "233_part2" "belov_part1" "belov_part2" "belov_part3" "belov_part4" "belov_part5" "erkhov_part1" "erkhov_part2" "erkhov_part3" "erkhov_part4" "gasparov_part1" "gasparov_part2" "gasparov_part3" "gasparov_part4" "gasparov_part5" "gasparov_part6" "gasparov_part7" "gasparov_part8" "gasparov_part9" "karelsky_part1" "karelsky_part2" "karelsky_part3" "karelsky_part4" "karelsky_part5" "karelsky_part6" "karelsky_part7" "karelsky_part8" "karelsky_part9" "kostyrko_part1" "kostyrko_part2" "rynkevich_part1" "rynkevich_part2" "rynkevich_part3" "sanovich_part1" "sanovich_part2" "sanovich_part3" "sanovich_part4" "shishkin_part1" "shishkin_part2" "shishkin_part3" "shishkin_part4" "shishkin_part5" "smirnov_part1" "smirnov_part2" "smirnov_part3" "smirnov_part4" "zhidkov_part1" "zhidkov_part2" "zhivotovsky_part1" "zhivotovsky_part2"
"123_part1" 0 0.9163061358659 0.835269653545953 1.04125816404125 1.06094012445486 1.17782551981654 0.939878675693321 1.13112506146524 1.08142263598015 1.17301632273725 1.11404462622309 1.22191181623942 1.19637017962301 0.860885044511459 1.09330105313943 0.971589231620577 0.905970243797552 0.955432780602158 0.956790454637712 0.889075473709008 0.947107659210277 0.989492299547769 1.21972012409609 1.10973732495818 1.14084512182435 1.24463440783261 1.22040151873949 1.28772733693084 1.04203578857091 1.17715061722433 1.21104539691539 1.19333411853366 1.11541955930019 0.958286369536315 1.09735082675977 1.09643148396233 0.969851679455291 0.991690155351737 1.09228655174772 1.02362826295859 0.920650855000803 1.15802676814207 1.06211391222755 1.0163666503483 1.06240577663339 1.00786838028488 1.10466496150428 1.18592107145575 0.940391394863273 0.87360637282826 1.22245147778995 0.99339558521651 1.21313323712628 0.932510573172469 1.13633935154878 0.981954879066941 1.15992144257754 0.992346880595436 1.1252221199544 1.27112760423878 1.14267310990789 1.53320407516479 0.926611563898648 0.995849985321661
"123_part2" 0.9163061358659 0 0.710536900743179 0.893704995606437 1.09764142875167 1.16168065413881 0.782826559794102 0.832707276591795 0.905477831261873 0.972962108162571 1.11571591404076 1.01925583379034 0.96864283509343 0.948186728586319 1.17530895921408 1.02034819624985 0.882708447461715 0.998761665040922 0.874950047000081 0.923891198217645 1.01461057850016 0.755873174192753 1.22968064958665 1.0206534126478 1.11624991961453 1.25789534526256 1.15057266919095 1.20976823354546 1.08931634956877 1.05970952379257 1.05987651353758 1.27951867686307 1.16453152064075 0.959363538352454 0.880886560479089 0.925860833147086 1.04888249335457 0.995142813763381 1.15079385455293 0.921479896718973 0.85712753420092 0.880384012225485 1.07507007663564 0.933665426384263 0.946895892538173 0.868630100465516 1.0169680273495 0.962774734944362 1.03537797856532 0.661314425374457 1.06656907304662 0.981326702816122 0.959597834278923 0.733669050252598 1.0099760239039 0.960035855366729 1.03096246056174 1.04945955681722 1.1740373984298 1.18776609429863 1.12381811049474 1.24860447718063 0.982074577305127 0.994262518171945
"123_part3" 0.835269653545953 0.710536900743179 0 0.984742567772001 0.843229820508195 0.930955504820722 0.907101219472773 1.01081684786723 0.965523962212686 1.00383957359492 0.956150839110005 1.05101109293516 1.07450363842013 0.776778281901541 1.06674674995161 0.924321842160241 0.769316453295676 0.924535583265886 1.00336810467497 0.853952801292026 1.04139227505776 0.927815281003461 1.19462004301903 1.0580824252869 1.03177102721382 1.14180608485816 1.1587005724757 1.11898906192764 0.958626099836331 1.00522880238895 1.16439382196665 1.06296524342487 1.14547072847331 0.933155871220866 0.911447944213897 1.12383382544951 0.982161145670051 1.02145737092437 1.13253092654585 1.00098468592001 1.05742092857188 0.940853909877015 0.941690545796987 0.995957801158058 0.822483243101858 0.900236711581169 1.19798822635319 1.06803149569125 1.04601830675415 0.824307299201515 1.07208939095941 0.966158964235482 1.05230907232473 0.764234930929798 0.930694424592493 0.791753316620422 1.12178453910794 1.04662926026255 1.00219583533768 1.24965974471507 0.944143731579333 1.37768197434156 0.833829896166751 0.855668650334193
"123_part4" 1.04125816404125 0.893704995606437 0.984742567772001 0 1.19866967143645 1.09853069739061 1.09447613715071 1.15568775739096 1.18080254821463 1.24721287898226 1.2019404383824 1.12865920363436 1.10143019602455 1.07966086614311 1.04235616148715 1.1497377475262 1.12089767032445 1.12695447591842 1.08920225087925 1.07724042459267 1.14384154368216 0.967722671802974 1.13644107725369 1.0771160706619 1.31085418740793 1.38924574407574 1.29572743843245 1.36668777855731 1.09699670154151 1.16667720784924 1.41375570696134 1.47098366791917 1.2439837019813 1.13131639763981 1.0306705805644 1.04884888726023 1.14469175300467 1.11700272774373 1.28488132085448 1.20990232151698 1.09770214310659 1.01624358801568 1.27913581369024 1.06801569173399 1.07259683771992 1.23381143290383 1.38091280682279 1.16877151853186 1.17634151440552 0.912434296709875 1.23243124219549 1.14293096513957 1.33283518051901 1.02134981223007 1.17071199759923 1.11810542912162 1.27960653160228 1.12992812259411 1.28742253326048 1.31649841068884 1.2198726453857 1.59810823126183 1.11980871574223 1.02805424134688
"152_part1" 1.06094012445486 1.09764142875167 0.843229820508195 1.19866967143645 0 0.87860293389513 1.01623137748934 1.10882749396107 0.939423073134925 1.05701848009978 0.755360535008604 1.01078385438506 0.940663838249682 1.06622698223657 1.10993528953879 1.0700464218124 0.792278822216501 0.926383642059078 0.995829757817989 0.955584278837784 1.16218341374024 1.14939732166382 1.19035647154689 1.24724958982648 1.01604801052072 1.00792789434057 1.0784490649861 1.06851283628909 0.891520449889393 0.877823640085126 1.190017931765 0.951221177252708 0.965526504910217 0.916789729810023 0.849732056571158 1.15166862897711 0.91762681887497 0.960623693620842 1.0870345587131 0.945115254694714 1.05800832250878 1.09062519612512 0.792608256617021 0.885390803522772 0.873575695170474 1.12290143364808 1.19778293817082 1.39513976113741 1.32321919644237 1.17504853184506 1.15953070055729 0.976214935934083 1.0325113168274 0.942908602578633 1.06378040243361 1.01294639511773 1.06321963737899 0.986299822520297 0.952455145102442 1.22163108948516 0.971140886428409 1.34066008868259 0.79462949270036 0.677018117315905
"152_part2" 1.17782551981654 1.16168065413881 0.930955504820722 1.09853069739061 0.87860293389513 0 0.979109864937773 1.05907635120771 1.04357449750938 1.11193226867704 0.833569344209218 1.01311543530012 1.00061595148606 1.10956961098487 1.26408854288207 1.20028878814388 0.900991927858584 1.25856901097789 1.17154724737011 1.15164343325885 1.16586191257661 1.10229080616952 1.1434184615895 1.27082407143636 1.22757030615299 1.15896692626743 1.23177328979793 1.16250470201509 1.0283747431318 1.02477290744884 1.21923886135991 1.13737796402834 1.11146984032846 1.19325711562749 1.11379738372565 1.26062412629473 1.02816817475087 1.09689397056396 1.15862324017235 1.10739169644844 1.24652453665776 1.13272762008477 1.06098328658334 0.962836008705366 1.00647904889291 1.06259313054026 1.2401076412341 1.45035840402995 1.35607145405905 1.19055849269782 1.20990504825291 0.993145528367371 1.22171361741164 0.974972994942588 1.12739749656467 1.07475242142105 1.17490287485616 1.30130884262875 1.15755574034488 1.3001837799231 0.832956028026786 1.28746163707211 0.960322069273038 0.911401301523105
"165_part1" 0.939878675693321 0.782826559794102 0.907101219472773 1.09447613715071 1.01623137748934 0.979109864937773 0 0.64661692616385 0.861312660682702 0.937560172038048 0.986958826839203 0.902963623651825 0.896311634955723 0.816969991156951 1.36066130815909 1.12360387357292 0.919460335304348 1.07899899673203 0.884441298046372 0.940688449812654 1.11145252503072 0.93741473584144 1.29110612503398 1.16990188185594 0.917432987804084 1.14332893496508 0.869241570593516 1.20073374057809 1.1335374589246 1.15929763234119 1.00987298264426 0.999560024674149 1.06678493979266 0.894886126025125 1.05448602533503 1.03558347111436 1.14332675546327 1.06840774301191 1.1548097764462 0.873866438200791 0.88445434163165 1.0460060301117 1.11729333467003 0.943272701557076 1.01890287810632 0.671130204550644 0.956864714996684 1.11167789541465 1.12453432937952 0.806047315983306 1.03950178276508 1.02373668549225 0.883227756821801 0.742847752936868 1.17761382389118 0.922347642478433 0.88399181134167 1.06161908676187 1.21923306819139 1.20010418612536 1.12563149332714 1.28915697372738 0.875701375254603 0.861922357085205
"165_part2" 1.13112506146524 0.832707276591795 1.01081684786723 1.15568775739096 1.10882749396107 1.05907635120771 0.64661692616385 0 0.841899930731402 0.891921696310335 0.915394572373177 0.841746978261853 0.873198447223359 0.894424124249729 1.39459544516775 1.15881250080996 0.995283454309922 1.13540030907025 0.949095290220119 0.988317250333587 1.16596653819531 0.906249851220315 1.32942966548239 1.09065923777315 1.04124177639801 1.21425782616063 1.07570927247561 1.03486355385805 1.15246311390644 1.19335092524469 1.08259470148248 1.01086883281714 0.947212456000231 1.0912591393847 0.978777666899225 1.21323782283825 1.06404551528705 1.01883305667631 1.2073034366408 0.999659832934555 1.07189858016887 1.11033947427112 1.23881027183663 0.874630518764252 1.01851361263074 0.817639927451464 1.02720455348544 1.36139103064853 1.34968086004136 1.07113322875601 1.08487256221432 0.98290643206539 0.854757123737511 0.654819701503015 1.22414534550891 0.982178623320904 0.89318134666492 1.12891474151336 1.28764209504132 1.0991880038409 1.0473951039777 1.23027464157375 1.04416595963584 0.955403190685936
"226_part1" 1.08142263598015 0.905477831261873 0.965523962212686 1.18080254821463 0.939423073134925 1.04357449750938 0.861312660682702 0.841899930731402 0 0.76084824599107 0.800397798227469 0.772287547224223 0.928595311656476 1.14564855934597 1.28275412001136 1.15807242204851 0.973829756710498 1.15017362415109 0.954158124022605 0.875687964591673 1.20873828726962 1.00984710535956 1.08828562821685 1.10780328796927 0.937320646158994 1.03695864168552 0.841925284983859 1.00416108906857 0.877564682266348 1.09819310931941 1.10156565534288 1.10075599369541 0.876913490650563 1.08799061785804 0.947111992697537 0.973374852681017 0.791929558940227 0.853743460990508 0.975007354058799 0.934492471416045 1.05787690972682 0.953651351942851 0.965492314466937 0.848550421913793 0.979261794773428 0.945909863980007 1.03529206151374 1.31705853491146 1.32044898244637 1.00466707633728 1.07625995562357 0.940279214428184 0.940123976440352 0.826740668044031 1.10430788051425 0.944088451565662 0.892599925271341 0.926139280116441 0.967573741594436 0.988510951592039 1.02487491269562 1.20878761248781 1.08194493451591 1.05411120388188
"226_part2" 1.17301632273725 0.972962108162571 1.00383957359492 1.24721287898226 1.05701848009978 1.11193226867704 0.937560172038048 0.891921696310335 0.76084824599107 0 0.772783023759113 0.951080291110981 0.960365334347622 1.10040228976025 1.1958340862008 1.22942075841928 0.962315781581261 1.08584704616875 0.964891743844572 0.928094112724512 1.12362022517167 1.04728165744126 1.10442806214206 1.21298747101451 0.872935556607575 1.06202570128561 1.00283360434663 1.05259060446034 0.972227573285363 1.12191588447841 1.07474600827156 0.935418191183194 0.933132424554218 1.17084175940851 0.927383742981631 1.05927035032832 1.12182308104442 1.09029185470782 1.16421622547434 0.925503236867086 1.21179010151799 1.18862198136838 1.15752287096497 1.07097404644514 0.92663536471423 0.971519917759658 0.967924316349951 1.25878610333034 1.53797463437103 1.1729962930086 0.970451703058427 1.00186929140948 1.04150399159388 0.867860661106904 1.1972566293741 0.981512159986065 0.926139741774935 0.948729162192812 1.01452439002088 1.11534921320628 1.05621491784518 1.29617125061497 1.18265288282895 1.19103714072497
"226_part3" 1.11404462622309 1.11571591404076 0.956150839110005 1.2019404383824 0.755360535008604 0.833569344209218 0.986958826839203 0.915394572373177 0.800397798227469 0.772783023759113 0 0.886354046493377 0.860831995629439 1.0041157731746 1.08034288637975 0.998326791659351 0.800546649612315 1.03299289595006 0.968238857543692 0.932883408115179 1.08429095682866 1.10970490752047 0.98624337067888 1.17535432739946 0.944006241833476 0.940765708767533 1.08102418888025 1.01494765293934 1.03358983348725 1.10331785105258 1.18334417284818 0.931908869807536 0.965233461305567 1.07117661151254 0.975074249637486 1.19669091835094 0.993582176662054 0.927051315721537 1.22410134148101 1.08118133207063 1.16931684135082 1.25036449555128 0.919090413552478 0.918747968430819 0.826402719021868 0.96070765395314 1.03152740398726 1.54368507224934 1.40031362887994 1.18015134448401 1.09977139699856 0.830823207457007 1.01494376448855 0.93608527063935 1.1218611827239 0.926847363038333 1.03671164385193 1.08857478905877 0.959517214067526 1.15590297029224 0.932244490710629 1.32884473461364 1.03470242936977 0.898153548531301
"227_part1" 1.22191181623942 1.01925583379034 1.05101109293516 1.12865920363436 1.01078385438506 1.01311543530012 0.902963623651825 0.841746978261853 0.772287547224223 0.951080291110981 0.886354046493377 0 0.6605988003807 1.13083111656541 1.28077153659821 1.23867074311971 0.847851131104425 1.26388186365133 0.903755320112789 1.08270001344876 1.28818708493833 0.960380774727539 1.1505747082775 1.17101354286706 1.06768677426308 1.03656800009638 0.994892834653812 1.11258688949381 1.21268113523918 1.289239955352 1.28424681543593 1.26539943068083 1.04995577399143 1.08074824486487 0.945695782242855 1.17842944694619 1.09655898707136 1.03790251875235 1.25395348285758 1.09179353678725 1.19750920892148 1.02083366881368 1.22117256134738 0.914922186297203 1.10708380851099 0.975078932286563 1.11741326696882 1.37279185908218 1.49917526276252 1.122466588028 0.961906445928089 0.853236619757453 1.04111486481174 0.775927552937234 1.14459295238417 1.00230822424285 1.08113930582401 1.07509474103416 1.33678403532735 1.20199343293214 1.14176075411158 1.16021863093227 1.15028580867561 1.01205031517623
"227_part2" 1.19637017962301 0.96864283509343 1.07450363842013 1.10143019602455 0.940663838249682 1.00061595148606 0.896311634955723 0.873198447223359 0.928595311656476 0.960365334347622 0.860831995629439 0.6605988003807 0 1.14261248617219 1.30858539009715 1.28916450360568 0.986927822270208 1.20820027683983 1.05477618109838 1.17851720248429 1.37975580690891 1.045072453094 1.18905817210994 1.20726103294796 1.07856718095424 1.1730625810209 1.21762009582244 1.2405523073465 1.16925014702379 1.18994798748051 1.29406188264525 1.32961954126892 1.01090834769388 1.11027833508751 0.890679971243462 1.22120635982504 1.02476346516822 1.06919964927816 1.20526109280242 1.1163540294492 1.18778013481485 1.13703389057211 1.08101924583111 0.867229612528778 1.01186194199887 1.00018430522127 1.21602946740712 1.50260666668576 1.52281571562949 1.14156962270811 1.22279167711538 0.963368110148864 1.02215086028408 0.997440384651804 1.20152583400978 1.10105430924033 1.1213702531401 1.02787209954783 1.26009455744518 1.18815057442753 1.15198837568277 1.27232601387346 1.12222909008274 0.988439136672717
"233_part1" 0.860885044511459 0.948186728586319 0.776778281901541 1.07966086614311 1.06622698223657 1.10956961098487 0.816969991156951 0.894424124249729 1.14564855934597 1.10040228976025 1.0041157731746 1.13083111656541 1.14261248617219 0 1.1781115476182 1.08745142151975 0.848310760400925 0.90530366285088 1.03605407560296 0.805014421470687 1.19983204826737 1.09143766873399 1.31949810597012 1.19458345474294 1.14353321294925 1.29202059200685 1.29318654118502 1.34485536723314 1.23706812029872 1.23576737835285 1.22951194212037 1.18262556800193 1.16206123129818 0.999148161871963 1.17566584819641 1.36107438799706 1.14091709015205 1.02575970424699 1.06901881160542 1.05765025411781 1.03449156857191 1.10797291763322 1.14171441016872 1.05636133293957 1.08107526356714 0.87359476417279 1.11901047876707 1.16995681067878 1.06343588117775 0.971077792902492 1.15785919963958 1.07838856058986 1.05941157348105 0.831725574423212 1.06044330793387 0.887384590902971 1.04127239085923 1.12714294408251 1.07171630183083 1.3474059758051 1.05658660032684 1.50097613821775 0.982432349511101 1.00235643211407
"233_part2" 1.09330105313943 1.17530895921408 1.06674674995161 1.04235616148715 1.10993528953879 1.26408854288207 1.36066130815909 1.39459544516775 1.28275412001136 1.1958340862008 1.08034288637975 1.28077153659821 1.30858539009715 1.1781115476182 0 1.04736153094364 1.04081647589936 1.20380279675867 1.13224036927862 0.952210017272843 1.18769473593223 1.21482004986073 1.1610120410011 1.1925395313828 1.34625636370256 1.44894004311628 1.46545975224653 1.31758989171405 1.21262306661008 1.33072639843778 1.44796938047223 1.36076810508998 1.25356752234037 1.15634026933902 1.04129686066162 1.20878937870011 1.19866580098324 1.11837056230246 1.27428323468716 1.26851437005322 1.11886963854137 1.17459263581448 1.06611826624266 1.21894741977676 1.19128750786079 1.38123150743743 1.47708756231418 1.4525783844344 1.17469904518884 1.11982488535211 1.29300481691655 1.19463746355715 1.54107414982972 1.14500283620515 1.1632363911175 1.19673818285515 1.4274831303169 1.29277899712132 1.11323946817417 1.53709418092705 1.038122962039 1.5977385995059 1.12223190056961 1.14376170874673
"belov_part1" 0.971589231620577 1.02034819624985 0.924321842160241 1.1497377475262 1.0700464218124 1.20028878814388 1.12360387357292 1.15881250080996 1.15807242204851 1.22942075841928 0.998326791659351 1.23867074311971 1.28916450360568 1.08745142151975 1.04736153094364 0 0.936448838546643 0.853898420230248 0.875938360057008 0.976219761992279 1.12420589879144 0.991927648735255 1.17044500449434 1.0532453867901 1.31657791356879 1.32591529152527 1.33451971923294 1.17291432175456 1.25829117645037 1.29546108454473 1.35139378013321 1.30595736042734 1.25896106932121 1.02323917034565 1.1424243094481 1.29026003047115 0.989535877493416 1.0599669105867 1.25801817268524 1.20344629952639 1.11951029294031 1.23149391330571 1.05059123005553 1.12940369167965 0.96799070570802 1.01561971604574 1.26495550695841 1.40761404546879 1.2099460096942 0.94954495118069 1.15828459302232 1.16484018124724 1.30168888284606 1.01562381983278 1.17015548838745 1.0572555504292 1.19914346238628 1.24532335659068 1.02334466345109 1.41626655293656 0.917524459279983 1.55446894259083 0.685048468126961 1.01805830846276
"belov_part2" 0.905970243797552 0.882708447461715 0.769316453295676 1.12089767032445 0.792278822216501 0.900991927858584 0.919460335304348 0.995283454309922 0.973829756710498 0.962315781581261 0.800546649612315 0.847851131104425 0.986927822270208 0.848310760400925 1.04081647589936 0.936448838546643 0 0.976467626413723 0.903385509819427 0.728292944576143 1.11178713274364 0.958916660230652 1.17866429517905 1.06969732939398 1.02454280605576 1.15391693229147 1.14321586625784 1.21712732682807 1.11568273001644 1.11115844604395 1.17101712045138 1.0958664693156 1.13438666328169 0.905550326465165 0.857612081426892 1.11412160553792 1.09936421586796 0.941787231957006 1.11138500043496 0.91949599714037 0.919391086214647 0.90671691366014 0.903997923272623 0.895417595080577 0.860702571562754 0.964532964239306 1.07307720571384 1.1516084615537 1.18711935200054 0.947066733253067 0.926181051202115 0.891189071156941 1.14666819740875 0.752507404790881 1.01947836151363 0.997521580530627 1.05726887236629 0.926081886396987 1.06156655038343 1.33492148365955 0.942811515204378 1.45081448384166 0.764919650551584 0.891387264011924
"belov_part3" 0.955432780602158 0.998761665040922 0.924535583265886 1.12695447591842 0.926383642059078 1.25856901097789 1.07899899673203 1.13540030907025 1.15017362415109 1.08584704616875 1.03299289595006 1.26388186365133 1.20820027683983 0.90530366285088 1.20380279675867 0.853898420230248 0.976467626413723 0 0.900979425749023 0.914432562990877 1.01629666307978 1.06056151136613 1.14584568151037 1.09048459541124 1.16085519889088 1.26855009530225 1.2729401793353 1.24145721889828 1.08804122846867 1.14999533405446 1.33104604845881 1.11455788473162 1.14376660952986 1.03848501867879 1.02719681902427 1.3298175528678 1.08349537359996 1.12853083793219 1.22940388429477 1.09078152525096 1.1317005433047 1.27401439970661 1.06108017951548 1.15668608241509 0.851128093837061 1.08152948453734 1.15574368896878 1.31311198119496 1.05299784526778 1.01504995948168 1.2658858289142 0.992327268410552 1.24243782889186 0.975995641314589 1.04458149468254 0.879689625667461 1.15020012170014 1.04957846556422 1.15562750889122 1.31680175084893 1.0792948443559 1.55680473130863 0.935065185610114 1.01699077039419
"belov_part4" 0.956790454637712 0.874950047000081 1.00336810467497 1.08920225087925 0.995829757817989 1.17154724737011 0.884441298046372 0.949095290220119 0.954158124022605 0.964891743844572 0.968238857543692 0.903755320112789 1.05477618109838 1.03605407560296 1.13224036927862 0.875938360057008 0.903385509819427 0.900979425749023 0 0.912280751357677 0.939136286107549 0.874235686922649 1.12799316565776 0.930834181918066 1.09905600621907 1.13679479116185 1.05107695023288 1.11941224635136 1.07792516328594 1.27198410194119 1.09590456356003 1.16151367318327 1.03076167556992 0.95056664295671 0.869446614445056 0.985915765942848 1.05554188960387 0.989292154492798 1.24681189548796 1.00086593912305 0.941358416836174 1.0073080150363 1.10432552053989 0.963106382019213 1.02329557532273 0.897748383137925 1.1750850697445 1.14622768303136 0.965033810181843 0.861912913782407 0.993217335245977 1.0355805704283 1.01423178107142 0.766762629238982 1.01974346478277 0.954733912011579 1.05238319821359 1.03006981397963 1.3320995810329 1.20456080606298 1.08774690124149 1.17821546750187 1.10149820439884 1.03495785339692
"belov_part5" 0.889075473709008 0.923891198217645 0.853952801292026 1.07724042459267 0.955584278837784 1.15164343325885 0.940688449812654 0.988317250333587 0.875687964591673 0.928094112724512 0.932883408115179 1.08270001344876 1.17851720248429 0.805014421470687 0.952210017272843 0.976219761992279 0.728292944576143 0.914432562990877 0.912280751357677 0 1.14720713149691 1.06708622142948 1.11827231877866 1.09910677136631 1.16614531004292 1.28882164438989 1.19173251705805 1.02700165713404 1.07662457011892 1.25734347659848 1.25297606443721 0.992029665661284 1.12381878750661 0.975550614791669 0.877421345733347 1.01927601798976 0.905862216795668 0.758036670904701 0.892999507096816 0.89696431039997 1.00133543111831 0.88841597402562 0.996586628668395 0.929733363155311 0.893128810647254 0.975384547784274 1.05265996489513 1.24033180685855 1.00243801547667 0.923955888158099 1.03791073289304 0.870554572590512 1.08129551705843 0.709051153788469 0.918246956115789 0.884988005324465 0.970036118797377 0.910571678966073 1.04619578123987 1.43418755297829 1.00654981564825 1.39063354594207 0.943133570764516 0.949319557483896
"erkhov_part1" 0.947107659210277 1.01461057850016 1.04139227505776 1.14384154368216 1.16218341374024 1.16586191257661 1.11145252503072 1.16596653819531 1.20873828726962 1.12362022517167 1.08429095682866 1.28818708493833 1.37975580690891 1.19983204826737 1.18769473593223 1.12420589879144 1.11178713274364 1.01629666307978 0.939136286107549 1.14720713149691 0 0.871135758088299 0.917837635090713 0.83336887568336 1.30783017162377 1.26513943145427 1.22133644276277 1.00590894791157 1.10336711867323 1.10595516383437 1.25406119479508 1.22127848866974 1.05859385496441 0.855860308230377 1.04726754435511 1.07588288592918 1.09266948526258 0.991429404142331 1.17543033135375 0.978168674112956 1.08877353985542 1.25641156616288 1.18224011429765 1.16262952901223 1.23073657815172 1.17665047993651 1.24746001649849 1.21094883668326 1.047248397683 0.998097994566628 1.19631316496665 1.13255083347552 1.40346382329664 1.0459459152418 1.10662986418389 1.02152458281683 1.23689636406377 1.26653348257515 1.36358300946995 1.28735855743403 1.28151113024251 1.51487188917189 1.23707482002866 1.17267853926505
"erkhov_part2" 0.989492299547769 0.755873174192753 0.927815281003461 0.967722671802974 1.14939732166382 1.10229080616952 0.93741473584144 0.906249851220315 1.00984710535956 1.04728165744126 1.10970490752047 0.960380774727539 1.045072453094 1.09143766873399 1.21482004986073 0.991927648735255 0.958916660230652 1.06056151136613 0.874235686922649 1.06708622142948 0.871135758088299 0 1.01426476534289 0.702234293833266 1.19223916663003 1.26532293542558 1.01799081354545 0.998347401717696 1.10089741172286 1.21983336484982 1.14443327702011 1.33732544231502 1.05357962184576 1.04956090583065 0.961245643211088 1.13419345315703 1.09010601599893 1.10092714698431 1.33121659255718 1.07131888838528 1.14309570905117 1.10415353659339 1.17901176053321 0.916677646836803 1.19992970820026 0.85743932073145 1.16517324830228 1.09770340890936 1.12758075963483 0.78107760645676 0.798527806178742 1.03134965319417 1.09309504185592 0.872861745604867 1.06460914725785 1.02154125398782 1.06729973355408 1.08293888212996 1.33088913067216 1.18293098261588 1.12415379596228 1.34097851610735 1.2058309281051 1.09476149168886
"erkhov_part3" 1.21972012409609 1.22968064958665 1.19462004301903 1.13644107725369 1.19035647154689 1.1434184615895 1.29110612503398 1.32942966548239 1.08828562821685 1.10442806214206 0.98624337067888 1.1505747082775 1.18905817210994 1.31949810597012 1.1610120410011 1.17044500449434 1.17866429517905 1.14584568151037 1.12799316565776 1.11827231877866 0.917837635090713 1.01426476534289 0 0.961586864390739 1.39538344608376 1.33471997595374 1.18882735420796 1.06711929123172 1.11320400745175 1.29561295349186 1.30216111375509 1.37274191093479 1.16563739705428 1.16523238449761 1.08195745732632 1.15221609588958 1.09521671228971 1.04260468574663 1.26037301984514 1.07437250878091 1.2516194186189 1.25507281611854 1.10607242255983 1.23134556908575 1.13132157361484 1.28545055422557 1.33190023243434 1.25316487038709 1.30464567263539 1.13688573657124 1.02360103131048 1.25134752244069 1.4926712190332 1.10552335739421 1.15433335759602 1.08531747624187 1.28374692690111 1.17615244281545 1.26237059796458 1.28849137731631 1.22073192998553 1.69384973799022 1.26527850655719 1.2370913471786
"erkhov_part4" 1.10973732495818 1.0206534126478 1.0580824252869 1.0771160706619 1.24724958982648 1.27082407143636 1.16990188185594 1.09065923777315 1.10780328796927 1.21298747101451 1.17535432739946 1.17101354286706 1.20726103294796 1.19458345474294 1.1925395313828 1.0532453867901 1.06969732939398 1.09048459541124 0.930834181918066 1.09910677136631 0.83336887568336 0.702234293833266 0.961586864390739 0 1.28255731869765 1.37239643786888 1.22191311955371 0.940559614205551 1.20910386453508 1.30859571074945 1.28263732590844 1.3390864810952 1.17337171320685 1.11589390943986 0.994249961928221 1.14173000437741 1.09264440826268 1.00482232588202 1.30381963374306 1.19053329103512 1.22879578923654 1.21168938974988 1.24638765006388 1.06707179759601 1.29476648996049 1.1815615804305 1.37984583173677 1.16805453026441 1.11151650655492 0.873340648793649 1.14438795306041 1.25112557062868 1.3435315889203 1.00933236150167 1.06417101754849 1.07601800518019 1.25266923383852 1.16333024996908 1.42483935525318 1.27264120386781 1.21340844491036 1.44687140284239 1.2625709462435 1.23777673312128
"gasparov_part1" 1.14084512182435 1.11624991961453 1.03177102721382 1.31085418740793 1.01604801052072 1.22757030615299 0.917432987804084 1.04124177639801 0.937320646158994 0.872935556607575 0.944006241833476 1.06768677426308 1.07856718095424 1.14353321294925 1.34625636370256 1.31657791356879 1.02454280605576 1.16085519889088 1.09905600621907 1.16614531004292 1.30783017162377 1.19223916663003 1.39538344608376 1.28255731869765 0 0.987808304426944 0.956376575672612 1.17701365835195 0.987745766739298 0.967786547418138 1.07523882060215 1.04501333841699 0.910894918120539 1.0627765140036 0.974987137914095 1.29580868810937 1.25852508107609 1.28194803253518 1.37589249834791 1.08524921839469 1.17936126787739 1.28654876072132 1.06613496433871 0.95752188067241 1.15226062985441 1.08095746582417 1.27587753071428 1.50405478855974 1.43128342167928 1.13639018104894 1.21521170160114 1.0979729841945 1.10756317917093 1.0448708825195 1.35584128184912 1.13432396326492 0.99604511868293 1.08661341483088 1.19662287037303 1.10356203642214 1.31240527271741 1.43925465859861 1.12251104026032 1.05736027345406
"gasparov_part2" 1.24463440783261 1.25789534526256 1.14180608485816 1.38924574407574 1.00792789434057 1.15896692626743 1.14332893496508 1.21425782616063 1.03695864168552 1.06202570128561 0.940765708767533 1.03656800009638 1.1730625810209 1.29202059200685 1.44894004311628 1.32591529152527 1.15391693229147 1.26855009530225 1.13679479116185 1.28882164438989 1.26513943145427 1.26532293542558 1.33471997595374 1.37239643786888 0.987808304426944 0 0.993293932189895 1.12409397127648 0.88392051332991 1.2223383326291 1.17259635266361 1.09999074736775 0.896698047979091 1.11758309080965 1.16084026996027 1.39229183921258 1.20559269091689 1.29287646455748 1.43358196040235 1.25954053843226 1.25073414747705 1.30712184984092 1.18326673552619 1.1726584036331 1.21721113642755 1.08472966742758 1.25612819529555 1.57766154122651 1.50009112182015 1.24360853572579 1.31683944656272 1.07509164150641 1.30740939322781 1.00407893034734 1.2959262775547 1.10879704907013 1.34657159222609 1.27626886125031 1.36892242669945 1.32099772781305 1.34584114671639 1.4138017062986 1.21081889118074 1.04012676481524
"gasparov_part3" 1.22040151873949 1.15057266919095 1.1587005724757 1.29572743843245 1.0784490649861 1.23177328979793 0.869241570593516 1.07570927247561 0.841925284983859 1.00283360434663 1.08102418888025 0.994892834653812 1.21762009582244 1.29318654118502 1.46545975224653 1.33451971923294 1.14321586625784 1.2729401793353 1.05107695023288 1.19173251705805 1.22133644276277 1.01799081354545 1.18882735420796 1.22191311955371 0.956376575672612 0.993293932189895 0 1.10279990238537 0.990474735267636 1.18273626748762 0.966230851346676 1.11004160142106 0.951492055841992 1.17604821097224 1.09763915976544 1.08042584642901 1.14205414176639 1.16154275449146 1.31945471797747 0.912123945004263 1.14257620723606 1.19623014627888 1.09968849191823 1.03867121575259 1.24777333550943 0.984118402587209 1.21979906329255 1.36727665378827 1.38613444831947 1.02285044574672 0.971078243737257 1.21901093661327 1.21541875110664 0.999812163253658 1.26039507498842 1.08064447060385 0.82662673679952 0.86753654177038 1.32022149261989 0.986160230694018 1.3046246223208 1.38444377187889 1.16266080230263 1.10703664817845
"gasparov_part4" 1.28772733693084 1.20976823354546 1.11898906192764 1.36668777855731 1.06851283628909 1.16250470201509 1.20073374057809 1.03486355385805 1.00416108906857 1.05259060446034 1.01494765293934 1.11258688949381 1.2405523073465 1.34485536723314 1.31758989171405 1.17291432175456 1.21712732682807 1.24145721889828 1.11941224635136 1.02700165713404 1.00590894791157 0.998347401717696 1.06711929123172 0.940559614205551 1.17701365835195 1.12409397127648 1.10279990238537 0 0.912700258255418 1.25619530529366 1.25324840129244 0.862551606284367 0.808241082437747 1.14191747065482 1.05151571104449 1.19003633035747 0.962630598029375 0.978496456533671 1.12530892353652 1.03285129589307 1.37319612969495 1.30029312134817 1.20161809913643 1.04525541362502 1.18367973665202 1.16765659895553 1.23607471249041 1.55489248556688 1.30187632658295 1.12163118123616 1.18035586121117 1.10470855002053 1.19618834549438 0.969800173980655 0.965565574759854 0.973232836702308 1.21295776615521 1.2233750704204 1.27980706438853 1.28069146141469 1.09115127207217 1.3591049467719 1.25723956425898 1.08534110447473
"gasparov_part5" 1.04203578857091 1.08931634956877 0.958626099836331 1.09699670154151 0.891520449889393 1.0283747431318 1.1335374589246 1.15246311390644 0.877564682266348 0.972227573285363 1.03358983348725 1.21268113523918 1.16925014702379 1.23706812029872 1.21262306661008 1.25829117645037 1.11568273001644 1.08804122846867 1.07792516328594 1.07662457011892 1.10336711867323 1.10089741172286 1.11320400745175 1.20910386453508 0.987745766739298 0.88392051332991 0.990474735267636 0.912700258255418 0 1.01903107843641 1.0490373077367 0.953848295104603 0.759934152662235 1.04098846449295 0.986256698206748 1.0466506139548 0.997304477699721 0.963138744597827 1.21632108599518 1.07092470529286 1.10562628906842 1.00167756894426 0.991794782553495 1.00103416630633 1.05678756194327 1.22478723773647 1.30520101920839 1.47482686971806 1.17885359364399 1.15557896240163 1.26144264550008 1.08069889493273 1.23276113695738 0.960149689042578 1.05576851028423 1.00369538684679 1.11325009258503 1.03314735497099 1.19827940499347 1.02749938743656 1.1652203854954 1.45467404912417 1.14220836807959 0.949214209105843
"gasparov_part6" 1.17715061722433 1.05970952379257 1.00522880238895 1.16667720784924 0.877823640085126 1.02477290744884 1.15929763234119 1.19335092524469 1.09819310931941 1.12191588447841 1.10331785105258 1.289239955352 1.18994798748051 1.23576737835285 1.33072639843778 1.29546108454473 1.11115844604395 1.14999533405446 1.27198410194119 1.25734347659848 1.10595516383437 1.21983336484982 1.29561295349186 1.30859571074945 0.967786547418138 1.2223383326291 1.18273626748762 1.25619530529366 1.01903107843641 0 1.33520003939138 1.17164799543095 1.16531770358322 1.03374868092867 1.01804787480626 1.19480058259824 1.20038800532968 1.15920535859665 1.36248488118577 1.06338173533643 1.11350585236212 1.13915386407449 0.92664898651061 1.05549643188573 1.15422747841421 1.42633365750326 1.55399206226789 1.55770025779157 1.50900796492029 1.20297490474695 1.49099816645056 1.17576075342104 1.39681398333466 1.25923638138433 1.25710131731586 1.29662983075732 1.17781552056565 1.23771716220191 1.09567603010217 1.27661530297704 1.19112454592511 1.66820049657877 1.07471798210614 1.03236520766738
"gasparov_part7" 1.21104539691539 1.05987651353758 1.16439382196665 1.41375570696134 1.190017931765 1.21923886135991 1.00987298264426 1.08259470148248 1.10156565534288 1.07474600827156 1.18334417284818 1.28424681543593 1.29406188264525 1.22951194212037 1.44796938047223 1.35139378013321 1.17101712045138 1.33104604845881 1.09590456356003 1.25297606443721 1.25406119479508 1.14443327702011 1.30216111375509 1.28263732590844 1.07523882060215 1.17259635266361 0.966230851346676 1.25324840129244 1.0490373077367 1.33520003939138 0 1.13740188084276 1.05027977401299 1.0152269309821 1.17408869031649 1.21767007981162 1.34932911198063 1.30107639403531 1.40632814046419 1.04451619783179 1.11650227821083 1.23676259486393 1.36420135080725 1.35458988307377 1.3729594568612 1.10333761419288 1.22968670511586 1.37542996933019 1.42745104225763 1.19092309643461 1.09208398633605 1.39201076204993 1.20259194787188 1.10330077010512 1.46008629318681 1.31489373342842 0.847720701314992 0.980562664654713 1.36435456377788 0.994839749181364 1.47481458258012 1.4291953151609 1.20791695981672 1.23764867795324
"gasparov_part8" 1.19333411853366 1.27951867686307 1.06296524342487 1.47098366791917 0.951221177252708 1.13737796402834 0.999560024674149 1.01086883281714 1.10075599369541 0.935418191183194 0.931908869807536 1.26539943068083 1.32961954126892 1.18262556800193 1.36076810508998 1.30595736042734 1.0958664693156 1.11455788473162 1.16151367318327 0.992029665661284 1.22127848866974 1.33732544231502 1.37274191093479 1.3390864810952 1.04501333841699 1.09999074736775 1.11004160142106 0.862551606284367 0.953848295104603 1.17164799543095 1.13740188084276 0 0.835878405398938 1.1799303527972 1.20375273134382 1.25247027851322 1.22707942341896 1.07954627309177 1.13714449371388 1.05818217019511 1.18606020586797 1.35676681789602 1.25737326952887 1.1885166197566 0.964223792368409 1.05661788218817 1.22209847776435 1.6253627608253 1.43606691779646 1.30199830230075 1.39807694815357 1.07354412378987 1.25343969471993 0.966993053097621 1.26396950432903 1.0058140365069 0.993618149344003 1.10525900820417 1.16394271764109 1.36973714171984 1.04474060283702 1.38456211637245 1.10728874831551 0.991359835701892
"gasparov_part9" 1.11541955930019 1.16453152064075 1.14547072847331 1.2439837019813 0.965526504910217 1.11146984032846 1.06678493979266 0.947212456000231 0.876913490650563 0.933132424554218 0.965233461305567 1.04995577399143 1.01090834769388 1.16206123129818 1.25356752234037 1.25896106932121 1.13438666328169 1.14376660952986 1.03076167556992 1.12381878750661 1.05859385496441 1.05357962184576 1.16563739705428 1.17337171320685 0.910894918120539 0.896698047979091 0.951492055841992 0.808241082437747 0.759934152662235 1.16531770358322 1.05027977401299 0.835878405398938 0 1.0353903471337 1.07114706673348 1.15879710711266 1.00785071664633 1.05806437783011 1.16482347732171 0.936245223246789 1.22494098750063 1.27119200466463 1.19132579546291 1.02324956142711 1.07991993757141 1.05674745602265 1.20216707643139 1.5005527831861 1.35283265942481 1.1696454552608 1.20733829438434 1.07314252427148 1.1164183089816 0.970196531494644 1.21140944934461 0.903008243204737 1.11051389817305 1.14228373254234 1.26244141546657 1.17587063905498 1.18838385335446 1.33066053860443 1.10254060824026 0.993267338745419
"karelsky_part1" 0.958286369536315 0.959363538352454 0.933155871220866 1.13131639763981 0.916789729810023 1.19325711562749 0.894886126025125 1.0912591393847 1.08799061785804 1.17084175940851 1.07117661151254 1.08074824486487 1.11027833508751 0.999148161871963 1.15634026933902 1.02323917034565 0.905550326465165 1.03848501867879 0.95056664295671 0.975550614791669 0.855860308230377 1.04956090583065 1.16523238449761 1.11589390943986 1.0627765140036 1.11758309080965 1.17604821097224 1.14191747065482 1.04098846449295 1.03374868092867 1.0152269309821 1.1799303527972 1.0353903471337 0 1.00793957084375 1.0158101803039 1.10499466264129 0.922443176688852 1.11845723499484 0.911467228710687 0.837337788154574 0.937317257689614 0.948439314796617 0.989123533582383 1.16572897833102 1.17796287791386 1.26203176176388 1.26207758528327 1.17240210709954 1.00004703035485 1.14744643548877 1.07216393987164 1.30456320128863 0.980801915437411 1.18305959074901 1.07288208309655 1.12353069581469 1.16161325487569 1.2204838399565 1.26914642625176 1.36812599687931 1.57989033166038 0.947388761181555 0.931633841389135
"karelsky_part2" 1.09735082675977 0.880886560479089 0.911447944213897 1.0306705805644 0.849732056571158 1.11379738372565 1.05448602533503 0.978777666899225 0.947111992697537 0.927383742981631 0.975074249637486 0.945695782242855 0.890679971243462 1.17566584819641 1.04129686066162 1.1424243094481 0.857612081426892 1.02719681902427 0.869446614445056 0.877421345733347 1.04726754435511 0.961245643211088 1.08195745732632 0.994249961928221 0.974987137914095 1.16084026996027 1.09763915976544 1.05151571104449 0.986256698206748 1.01804787480626 1.17408869031649 1.20375273134382 1.07114706673348 1.00793957084375 0 0.95494217034383 0.922729662278333 1.00265447717402 1.16168392813126 0.898356173222108 0.995084607085811 0.885838285633667 0.955613078297066 0.85135798482968 1.11272972719711 1.15160251862256 1.31903809718998 1.25343706722273 1.25787055743935 0.931012320182722 1.11670359432092 0.985225406277772 1.20696891480633 0.90731693787306 0.989584388979717 1.04900286966156 1.11594899617399 1.01304165554978 1.1982985518769 1.22130256133213 1.15002460598669 1.2426187533841 0.971656237297643 0.778383122071878
